original_id	new_id
742	0
763	1
1100	2
1711	3
1731	4
1799	5
2741	6
2791	7
3001	8
3007	9
3008	10
3011	11
3026	12
3047	13
3058	14
3068	15
3174	16
3236	17
3245	18
3246	19
3301	20
3355	21
3389	22
3501	23
3504	24
3509	25
3535	26
3543	27
3590	28
3640	29
3649	30
3692	31
3741	32
4011	33
4111	34
4112	35
4121	36
4131	37
4214	38
4215	39
4225	40
4411	41
4511	42
4582	43
4722	44
4784	45
4789	46
4811	47
4812	48
4814	49
4816	50
4821	51
4829	52
4899	53
4900	54
5013	55
5021	56
5039	57
5044	58
5045	59
5047	60
5065	61
5072	62
5074	63
5085	64
5094	65
5099	66
5111	67
5122	68
5131	69
5137	70
5139	71
5169	72
5172	73
5192	74
5193	75
5198	76
5199	77
5200	78
5211	79
5231	80
5251	81
5261	82
5271	83
5300	84
5309	85
5310	86
5311	87
5331	88
5399	89
5411	90
5422	91
5441	92
5451	93
5462	94
5499	95
5511	96
5532	97
5533	98
5541	99
5542	100
5561	101
5599	102
5611	103
5621	104
5631	105
5641	106
5651	107
5655	108
5661	109
5681	110
5691	111
5697	112
5699	113
5712	114
5713	115
5714	116
5719	117
5722	118
5732	119
5733	120
5734	121
5735	122
5811	123
5812	124
5813	125
5814	126
5815	127
5816	128
5817	129
5818	130
5912	131
5921	132
5931	133
5932	134
5940	135
5941	136
5942	137
5943	138
5944	139
5945	140
5946	141
5947	142
5948	143
5949	144
5950	145
5960	146
5962	147
5964	148
5965	149
5966	150
5967	151
5968	152
5969	153
5970	154
5971	155
5972	156
5976	157
5977	158
5983	159
5992	160
5993	161
5994	162
5995	163
5996	164
5997	165
5999	166
6010	167
6011	168
6012	169
6050	170
6051	171
6211	172
6300	173
6513	174
6536	175
6537	176
6538	177
6540	178
7011	179
7012	180
7032	181
7210	182
7211	183
7216	184
7217	185
7221	186
7230	187
7273	188
7278	189
7298	190
7299	191
7311	192
7333	193
7338	194
7349	195
7361	196
7372	197
7375	198
7379	199
7392	200
7395	201
7399	202
7512	203
7523	204
7538	205
7631	206
7829	207
7832	208
7841	209
7922	210
7929	211
7933	212
7941	213
7991	214
7993	215
7994	216
7995	217
7996	218
7997	219
7998	220
7999	221
8011	222
8021	223
8042	224
8043	225
8062	226
8071	227
8099	228
8111	229
8211	230
8220	231
8244	232
8249	233
8299	234
8351	235
8398	236
8641	237
8699	238
8931	239
8999	240
9211	241
9222	242
9311	243
9399	244
9402	245
9405	246
