<svg xmlns="http://www.w3.org/2000/svg" xmlns:xlink="http://www.w3.org/1999/xlink" width="25.389389pt" height="5.75pt" viewBox="0 0 25.389389 5.75" version="1.1">
<defs>
<g>
<symbol overflow="visible" id="glyph0-0">
<path style="stroke:none;" d="M 2.28125 -4.015625 C 2.703125 -4.25 2.859375 -4.296875 3.234375 -4.359375 C 3.5625 -4.40625 3.671875 -4.5 3.671875 -4.71875 C 3.671875 -4.921875 3.546875 -5.046875 3.359375 -5.046875 C 3.171875 -5.046875 2.90625 -4.703125 2.703125 -4.5 C 2.546875 -4.34375 2.453125 -4.28125 2.21875 -4.140625 L 2.21875 -4.34375 C 2.21875 -4.546875 2.25 -4.78125 2.359375 -5.046875 C 2.421875 -5.21875 2.453125 -5.34375 2.453125 -5.453125 C 2.453125 -5.625 2.3125 -5.75 2.140625 -5.75 C 1.96875 -5.75 1.828125 -5.625 1.828125 -5.46875 C 1.828125 -5.359375 1.859375 -5.203125 1.921875 -5.03125 C 2.015625 -4.75 2.046875 -4.484375 2.046875 -4.25 L 2.046875 -4.140625 C 1.734375 -4.3125 1.5625 -4.453125 1.296875 -4.765625 C 1.109375 -4.96875 1.015625 -5.03125 0.875 -5.03125 C 0.703125 -5.03125 0.59375 -4.890625 0.59375 -4.71875 C 0.59375 -4.5 0.75 -4.40625 1.171875 -4.328125 C 1.453125 -4.265625 1.671875 -4.203125 2 -4.015625 C 1.640625 -3.796875 1.5 -3.75 1.109375 -3.671875 C 0.734375 -3.609375 0.578125 -3.515625 0.578125 -3.28125 C 0.578125 -3.109375 0.703125 -2.984375 0.890625 -2.984375 C 1.03125 -2.984375 1.109375 -3.03125 1.265625 -3.1875 C 1.5 -3.46875 1.53125 -3.484375 1.609375 -3.578125 C 1.6875 -3.65625 1.75 -3.703125 2.046875 -3.890625 L 2.046875 -3.8125 C 2.046875 -3.4375 2.015625 -3.234375 1.921875 -2.96875 C 1.859375 -2.796875 1.8125 -2.671875 1.8125 -2.5625 C 1.8125 -2.40625 1.953125 -2.25 2.125 -2.25 C 2.296875 -2.25 2.46875 -2.421875 2.46875 -2.59375 C 2.46875 -2.640625 2.421875 -2.75 2.390625 -2.875 C 2.28125 -3.171875 2.21875 -3.46875 2.21875 -3.8125 L 2.21875 -3.890625 L 2.28125 -3.84375 C 2.453125 -3.734375 2.640625 -3.625 2.875 -3.34375 C 3.078125 -3.078125 3.21875 -2.96875 3.375 -2.96875 C 3.5625 -2.96875 3.6875 -3.109375 3.6875 -3.296875 C 3.6875 -3.53125 3.546875 -3.609375 3.171875 -3.671875 C 2.859375 -3.71875 2.59375 -3.8125 2.359375 -3.953125 Z M 2.28125 -4.015625 "/>
</symbol>
</g>
</defs>
<g id="surface1">
<g style="fill:rgb(0%,0%,0%);fill-opacity:1;">
  <use xlink:href="#glyph0-0" x="11.230469" y="5.75"/>
</g>
</g>
</svg>
